0.5857620471 2.5822723965
1.2331605129 0.538598196
-0.9161424079 1.7507293568
3.500700457 0.346739037
-0.462247653 3.3663501154
0.262179861 -1.0240567201
-2.8253326547 3.2908042732
-0.5261960134 0.8212073864
1.3451486727 1.4032079625
-1.6859051931 -0.7556165544
2.0012005853 2.0476544354
-2.2148597889 -1.6354707487
0.842361245 -0.7367818385
1.8372999056 -2.9605007695
-0.4042707257 -3.066892896
-3.6410116598 -1.5752979521
-2.1842018473 -1.0288440658
0.7992174505 -2.8153261087
-2.1771725706 2.0089245596
2.1337984416 -2.7599043217
-3.0149622778 0.913888013
1.1045031753 0.8670228695
2.3937513038 -2.4307565897
3.7655738364 -1.2419311098
4.5732383653 0.9752744716
2.7030513578 0.0158925831
-0.9137394173 1.2767185695
1.9220824499 -2.5190687135
1.416185148 -0.8547755887
0.8395789284 1.090473135
0.8919029862 1.8384098383
1.82523924 -0.8229787748
3.6743278686 2.4466630025
-4.0500847839 1.3867147714
3.6878275047 0.8292088634
2.3691452777 -0.5574878079
0.9267430633 -3.1452861435
0.4275936363 1.0789197163
2.7614643542 -2.2566600542
-1.2213472534 -3.4818750123
2.8746095406 -0.1144942966
-3.2710244643 -2.9477222188
-2.2584494161 2.3561218658
2.152713282 -0.5556378653
-2.1597941901 -1.3984332699
2.2498593167 -3.4139078746
-3.5103590947 -0.903774375
-1.509960236 -0.4370949076
-2.6684555245 1.0414121575
2.6023161743 -1.2472835663
0.7850557423 -3.8006419654
-4.2618268879 -0.1433246322
3.1839030457 2.9839634382
0.6263096391 1.0137128275
2.0389985591 3.4218349443
-0.031303614 1.6736701968
0.1358277906 -3.3081956523
-1.113105943 -3.2131902939
2.0645736882 -3.0555934818
-0.9535263998 0.6884254959
-2.8545822091 -0.5263131984
2.1993760266 2.3475053477
-2.597773841 -1.4408765292
-2.8869292279 -1.5142423448
1.0511956224 -2.7261371709
-1.5497664094 -3.6353486378
0.226021786 -2.3182788055
-0.8351707259 0.1202022278
0.4341299364 2.1767101272
0.5256714009 -0.5170629403
4.5844969228 -0.4967524588
2.395464651 -2.0673551813
3.0813437128 1.6327326654
-0.5023340729 1.0918099839
4.2926717303 -0.5133185598
1.5467812687 -1.2187888966
-1.7355738183 -1.7195173152
-2.0795894188 -3.2070704487
-4.6141884343 1.4217631142
1.6651410884 -0.1163358414
3.3988132598 -2.539218032
-3.1029765591 1.9500548584
0.6562537039 -2.555381761
2.4788964753 -1.021717568
-3.208476086 -1.8177675661
-1.5084458001 2.9854590905
-0.6085002157 -2.3463791115
-4.1717435317 -0.9901635024
-4.4245280583 1.2494136483
4.7611338987 -1.11919985
-0.5346702066 -1.1794375754
-3.019038419 0.0703966059
0.2996453071 3.0071402751
2.8811703074 2.1661737737
1.4686131428 2.5263408327
-3.5409157565 -1.8996226216
1.4667727061 -2.6511846213
0.9256829282 2.3432400709
1.2047068452 1.0648753196
0.1176863595 -1.9924215648
-3.2668859815 -1.0763812477
-3.9027359501 -1.3303838748
-4.0772344042 1.9334101381
2.3575577358 -3.0312149335
2.0709877356 0.3472791484
-3.9040993753 -2.0641439891
1.2869924881 -0.2682419655
-2.5920002789 -3.1390406289
0.1741529196 -1.5848690336
-0.5217613048 -1.9502714188
1.0923228104 1.9101176622
-1.7772840457 2.6568800155
1.6509923344 3.756646359
3.1747436923 2.3789817338
1.0763366762 2.9447768874
2.2192132642 1.8811435013
-0.0266771061 0.9729831561
-1.154487112 -1.2022543199
2.056601744 -1.8633824715
2.5652024209 1.6702427907
-1.2100662569 -0.8188784681
3.8688808603 1.8410539334
2.716109573 0.443076013
-4.6742746681 -1.1395726404
-1.1355170058 -2.1474841195
0.4190022591 -1.1490765847
-1.5214085311 -3.3256341838
-4.0545568715 0.7161888699
3.2814665334 -0.5230852159
-0.8041895246 0.3388090701
-1.8067164954 3.3777552028
3.1113894206 -1.625464488
-1.6210579677 -2.8691460074
-0.0483564555 2.1808793408
-2.6719167443 0.2925577329
-2.3951558021 0.5940068735
-3.0277797301 -2.1811978899
-0.5628690546 -0.0725059922
-1.2984367372 -3.0938568705
-2.9952214458 -0.1992775776
-1.1003650999 -1.4711211289
-1.7109041809 1.4599852374
2.9427955204 0.3228893886
3.7432627403 -0.2473854073
-2.4853372197 2.5806311696
2.7994696118 -1.0832855324
-1.5178678301 0.1876601598
-3.8759306212 -0.1977824709
-4.3162077849 -1.6920566599
-2.6059577739 -1.92442747
4.4826819275 -0.0972932195
0.3920230497 -2.0847644082
-2.2014892813 -0.6374764326
-0.8030706108 -1.7118374439
2.730563896 -2.5210386049
0.9325130918 3.3501531996
3.5470844225 -1.8656344709
1.4540309684 -0.0218452108
4.4014625191 1.5328170743
4.3616477903 0.7980732839
-1.5849901462 -1.8918914805
3.0883697189 -2.2251204599
1.8878269994 0.2079130022
0.6557407034 3.9223392366
-0.292930595 3.8402692304
2.6235166841 -1.9682694919
-3.84245651 -1.8539321237
-0.2392693462 0.266110428
-3.3587536706 1.4747283862
-4.6620473124 -0.4923616778
-2.1319975434 -2.2019910546
-0.2089890995 2.7579316264
0.4188983806 -2.5170234893
-2.3499173113 1.09278457
2.687296782 0.7100853852
-3.2451906637 0.0823555018
-3.2562413882 2.1256937293
-0.2900856497 2.5052446913
-2.5494659726 -0.5195564897
-0.1264963748 -3.0758654966
-0.1149610988 -3.7758169562
-2.9474111866 -2.8163601056
-4.472471695 0.3097074369
1.5204777115 2.7305233151
-2.2724493805 3.4947291722
1.6735532937 0.2481334978
-1.224976622 3.2940114586
4.9594120906 0.2949248097
-0.3310345299 -0.7409286363
-0.70351028 -2.8464005241
-4.4637495546 0.9983139719
-2.044186109 3.5011370542
-2.6802032375 0.0761150319
1.0870245486 -0.7736215136
-2.4101562655 -1.339150594
-1.3254179119 -2.8347877626
-1.4412731546 0.7254070645
1.8359971313 -1.8685300236
3.2791095128 0.812312986
-0.5014528829 3.0888786699
-3.5565488151 0.7957392667
1.970365261 -1.17974178
3.6655492489 1.0332953009
0.8314430398 0.1449685911
3.4549890114 0.6635292896
-0.989529588 3.3789807322
-2.8874713903 3.0983245962
4.3390915671 -1.6908349472
3.2415374903 0.0252669687
-0.3200855946 2.1015109658
4.1418490439 -1.4068293691
-0.7757584041 3.5454783213
3.2183359736 0.3325767069
-3.1497223442 -2.7443267849
-2.9032894495 0.3878439391
2.329048501 3.3743141275
-1.0346373617 2.23656276
-2.4492962835 -2.360496943
-1.7293301443 3.7236249785
2.4957882558 3.2065207926
0.5202316838 2.8755900142
3.5193800731 1.9196465823
-3.3616706803 -2.7084515539
0.0287195269 0.4805755643
-3.5847988109 -0.154222477
4.7836520209 0.4460415354
-3.5977213415 2.083839235
-2.4149962698 -2.9392345762
-1.0947140464 -2.446466719
-0.0791164525 1.884524123
-1.2358359987 2.4528184728
1.3833171196 3.5099868673
4.027752451 -0.1984920219
-2.7413868549 1.2905443175
0.3190083458 0.4553493498
-0.4953253366 3.8094391634
3.2285639318 2.1347396354
-2.1423248297 -0.3097822528
0.37793134 3.6248222867
-1.4607861947 1.8943456047
-1.1427164525 1.2153260709
3.2631704089 -1.0429664892
3.598385227 -2.2688354359
-0.0187825697 2.4214291552
-0.2274906227 -2.4210504155
4.3507109974 1.0353278582
4.16769226 -1.0265215823
1.6867751223 2.2637798038
0.5624181457 -1.9187910465
1.0911207064 2.6686982244
-2.9061396683 2.8829399721
1.5397659645 3.2374682481
4.7859026316 1.0406059947
-0.5681576495 2.564613108
2.2139825583 -0.9920022952
-1.4032036852 -1.2825310173
2.076121606 3.6217904047
-3.776244965 -1.018496942
0.2398198794 -0.578315783
-3.6297707178 0.3397815247
2.0602782913 -0.356144612
0.7447933291 -0.5253299765
0.6623265879 -0.9967925745
1.3721555998 -3.3421178544
-4.0418195338 2.354630403
-4.6851636955 0.790141145
-0.9571975623 2.7416875865
-2.2776540211 0.1851970402
-2.4698294415 -1.7531506778
-0.0770576262 3.9088582627
1.3941958874 -1.3887218971
2.4408843679 -1.7631004737
0.8000320724 -0.2783836329
1.4625886967 0.3448981404
-0.8178881922 -2.1510250075
3.2000316123 -2.8035553007
4.0802003728 1.9389317788
2.9846676769 0.7334511292
2.456786333 1.4756198757
3.8911976364 1.2929021686
3.8172126003 -1.9127442734
-4.7845890364 -0.1979920994
4.1319241678 -2.214418114
-0.1134113425 1.3162375818
-0.2311032341 -0.5449215932
4.4411974835 1.2980590281
-1.8109518961 -3.6696695086
-1.0423827386 0.2738913951
-2.5621638202 -2.5779008624
-1.7288693854 -2.223206736
1.3091267753 -3.7786033334
1.7315835296 2.5715981555
-2.4273246293 -3.2757867384
-1.4929372505 -1.6907219082
2.6543773552 -0.2387063143
0.2778718799 -2.993752963
1.2605162017 -2.365142296
-1.9378260868 0.9299542568
3.8556417324 -1.4440026815
2.8792497694 2.4559758433
-1.0267436973 -1.7354422193
-3.2307127046 -2.0889127221
1.7329867708 -1.6080236823
3.8019016977 0.4744392613
1.0833590607 -2.2626072535
-2.1791647847 2.7473723537
-1.0242702099 -0.9447192442
0.8384658158 -2.4641970965
4.1883436192 1.594195883
0.4826736574 1.5828497563
-1.9241877138 1.6556225369
-0.9490783712 -2.9162944902
-2.6850279904 -1.6476847825
-1.3491939189 2.2402803578
2.5686454209 0.1986712932
-2.5978346125 -2.8430546364
-0.5479890941 -0.6321253529
-2.4682030926 1.6570151727
4.9287028181 0.0423338374
-0.6016615931 -3.2744541972
-2.5000063989 3.3160041799
-0.2570896982 0.9013333976
0.2008645778 3.3263127408
3.0041182444 -2.5459948543
-3.7392057266 -0.7699054423
-2.444912745 -1.0884562532
-4.0681456642 -0.4728390161
-1.1650986632 0.7022771692
0.1344377621 3.5269005972
-1.4395850877 1.2196019494
3.6091261018 -1.4708377774
2.4280697123 2.6919717508
-0.4603276642 -1.5929830493
-3.7055736358 1.2483232003
1.9462038341 0.9719498241
-1.9387509627 1.3850808716
-1.7249618695 3.0855573337
-2.8653725676 -1.1275523696
-2.125114724 -1.8510498589
-4.760961352 0.229187272
3.4060402901 2.579188787
-4.2486253178 1.5931876933
-4.8877776941 -0.5411487274
3.7629801798 -0.0163277671
1.9295827236 3.1755961315
2.8598970816 -2.8879019042
-2.2492470185 -3.4990318296
0.0526358827 0.6918097739
-2.1855258324 1.3701000284
-0.9647956385 -3.6092622429
2.9491648092 -1.7635633146
-0.7874129853 0.9047593399
2.8608292922 1.0584213249
1.1153558332 1.3491029892
-3.2087774705 -0.1292940083
0.3836081289 3.8892573128
-3.867400993 -0.4209339756
4.8514495899 -0.6075698645
-4.1927216621 1.1259611806
0.4514802678 -3.619119027
1.2364576731 -1.9172251882
3.2537531647 -2.0518060953
-4.6498445076 0.4907419495
4.5819211473 -1.5700656587
-4.3473018507 1.7888351735
-0.7880411589 -2.6583724552
-1.5874486086 -2.428975503
-3.1874045699 1.1131149425
3.5191116727 -2.0685078114
1.8902387446 -3.625534097
-3.2582201319 2.7654728089
2.2878425231 -1.1921110597
-1.3369294846 -0.6278605085
-1.6143176961 2.3749827399
0.941418578 -1.234656108
1.3291870774 2.3410565113
0.7757665717 -2.1836365301
-4.1560014867 -0.6660753197
-1.8460335285 -2.477852975
0.1021187243 1.2983086056
-3.188500245 2.3835594102
-1.0324500516 1.5554196325
-3.5979518214 1.4751206408
-2.3044117036 -0.8464009781
-2.3735126072 2.1265491494
0.9343646911 -2.0313004141
-2.8734283396 0.7193689295
-4.1305725726 0.0557542996
3.4020931877 1.3225567
-4.934904175 0.6069470176
3.6262550505 -2.7018672694
3.4681709547 2.3119397554
2.3278576799 -0.2733302314
0.8452402825 1.3304726825
-2.7312503681 2.5150925757
0.8092912839 -3.5715323408
-1.985467456 -0.500653277
-2.3845297483 1.4264044673
-0.2815159138 -3.9231328756
-0.800822118 -3.0754532867
2.6037008758 1.0137959252
-1.7688466183 -3.1134609712
4.3896630788 -1.3428115775
-3.480960119 2.3998651755
-0.7883703432 1.933785187
-4.4749663141 -0.8126450298
2.8249123203 2.854575407
-1.7871151682 1.8269422569
2.1891548804 3.2203337292
-2.150873257 0.7105128172
1.3706919795 -2.1280444202
2.2957305745 -0.0516009278
-2.8107186714 1.5196410209
-1.782375507 0.1416787208
-4.7882846434 -0.9522357956
0.5100701143 -2.8370682906
1.7912319118 0.6531447287
0.5521666758 3.7462248022
-4.9574365187 -0.3441935915
-0.0284021149 -2.6545029997
-2.3708250654 2.9237126865
-0.7547155333 -0.9745381826
-1.3844422079 -2.5376999656
0.5288536043 2.3684499086
2.2192552405 0.7922853254
2.67636832 -1.4362207547
-2.2091442861 3.2841319652
-1.9719329522 2.0178552284
0.0417460574 -1.1132418677
-0.4988561015 -0.4177253943
-0.447922739 -3.6035528616
-1.5829931734 0.4975950673
3.1467936898 -0.1635144707
-0.8532228893 2.5559603563
2.6154144805 2.4764616162
-2.2485946089 -2.6559353843
3.2556287644 -2.3961411027
1.9896844141 1.3680078154
-4.2939254314 -1.471474642
1.325545825 -3.115777075
-1.9593438905 -1.0940210354
2.7426929224 1.8632549679
-4.0532593107 -1.8538884186
3.9742579033 0.6467512127
-0.1260334823 3.3526914768
2.2573665766 1.5903833685
1.6934919191 1.4450532557
2.0581887028 2.9014636215
-3.9554014492 0.4306559109
-0.7666821589 -3.5013094683
2.293546633 0.2350372903
-2.661223324 -1.1170331001
-1.2371335349 -3.8045767257
0.6806333037 -3.1798372556
-3.4610234987 0.009740379
0.3131561808 -3.4406159515
-0.0443116833 -0.8267004649
1.3510092542 -0.6042372142
4.1938229878 1.1616242125
-2.701320145 2.969327924
-1.9945991413 0.1947677282
-3.1625314421 -1.4884508242
-0.8260184287 3.1664205324
-2.5913053173 -0.1289756423
2.4814286584 0.542414366
0.0220360408 0.0361846071
-2.4882954031 0.7982192913
4.4125196217 -0.8806999357
-2.7860527297 2.3137651526
1.7959351079 -0.3015899988
3.8572835652 -0.8215473458
-2.1804690015 1.7142473701
4.1276235313 0.4731093706
0.8653721301 -1.0318153827
2.4965755661 -2.6403361291
2.6195148758 -0.6080280363
-4.6326326161 0.0389687295
-2.1051295358 -0.0359552294
-0.7988213859 -0.7774137545
2.2260838245 2.5797159555
1.1929574138 1.6185564676
-1.0199636742 -1.9385892221
-0.2079612528 -1.5216485553
0.5033812919 3.2993476973
-1.1060760883 2.9235667399
0.9272800363 -1.5995023247
-1.0502345048 3.8767470917
2.0153111534 -0.9306745528
1.3851920758 -1.6355692101
0.3179563849 0.004184918
-0.0098179854 -0.625828844
4.0367357075 -0.568338642
3.6224460413 -0.7382790121
2.0659653184 -2.1101811006
2.9463984986 -0.380019997
4.6955280716 1.3123636471
-3.3873038474 -0.3113321296
2.7860615476 3.1658908473
-3.3031219429 0.452849923
-3.5782063504 -0.5138870031
4.8405357986 0.7829442934
-3.0027492777 -3.1119732392
-2.8083203395 -2.2434543338
1.8931522516 1.5716239848
-0.1903232617 1.1124989289
1.6270121004 -2.8829562272
-3.6830571148 -2.1005334801
-0.1997244545 -0.0792178751
-4.2250078314 0.3469681296
4.9122613496 -0.4004475156
1.9730997323 0.7578522408
0.0679590923 -3.8729370534
1.8562108521 -2.2536682275
-0.1947387306 -2.1827236791
1.6805465463 1.9952739885
1.6565017003 -3.7246323679
-1.1698188361 0.4351544412
-4.9442501464 0.3571255792
2.839487328 1.45475884
-3.4113066035 0.2482275998
-1.5633371068 3.6048804643
2.8783987052 -1.3908233387
1.7974902805 0.4266015845
-0.1660548389 -3.4980201541
0.8225766703 1.6394969785
-4.3708080529 0.7106181933
2.1865890316 0.5766288789
2.2904895355 3.0423004179
-0.0779213787 -1.7215856995
3.2445106356 -1.438440856
3.1906236564 1.890604631
-0.5766118756 -2.6750079709
-0.579279477 3.5845207046
-1.5765987244 1.7042462012
1.1147731488 0.2758159833
-0.1869757638 3.0761097689
-0.0832657087 -2.8752341076
1.5471068128 -3.2146575842
1.320013034 2.9682108362
-0.4700288055 -3.8456231617
-0.899221039 -1.42048045
3.0837449897 0.9328235267
-1.0838464205 -0.427595708
-3.4550610877 -1.4835629209
-0.4431285157 -2.4609938703
-0.5986412128 1.5255434766
-2.8259756231 -0.9263656143
-0.4906497213 2.7865911922
1.3158383833 2.1375471103
-1.7710038364 -0.1423586621
2.3451189725 -1.4297598891
0.9194812476 3.6030143124
0.3972749395 -0.1872583377
-1.7080397736 -0.9894857878
-1.0417971675 0.9291435007
-0.488473679 0.1466813469
3.4269922538 2.8041675702
1.3103269512 3.7711744752
0.1691444775 3.7754920285
3.4752016779 -1.675708029
-4.4528891296 -0.3043509275
0.2566024909 -1.799549541
-1.6704549257 -2.6530654736
0.1647924411 2.7108168071
-3.8344404979 1.4967634996
-3.4515738558 1.0942918609
-3.3297605845 -0.7305205232
1.7278094926 0.8724823509
-2.8988324111 -1.7822992867
0.1642705983 1.0549187829
2.2806016531 1.2008283276
-0.1956406264 -1.9253912286
-1.502477627 -0.8557682302
-1.9258627415 -0.7154839806
3.9568964347 0.3083965787
-0.3348713158 1.8310994255
-3.3553927292 0.6483424259
-1.0935836056 1.9860335255
3.7229290133 1.4316072877
0.6514660715 0.0059242298
0.4644990428 -0.8321825728
-3.589794431 -1.3097535853
1.5538344058 1.0351170868
1.8110147996 -3.4208454732
0.2326914699 -2.5914532545
-0.6310286102 2.1374679914
-3.5217757345 -2.3215553051
4.3616411514 0.5888915054
1.5602699674 -2.0050934053
4.7386113101 -0.0245070157
-3.0573892487 -0.6105894695
-2.2864456993 -0.1302845859
0.737208962 -1.4991158223
-3.5403693739 2.6258576437
1.4217753147 -0.4162773094
1.9739918164 -1.6702229159
-3.9884870431 0.9764106203
0.9305847822 0.4097769161
0.1175634605 2.0580609546
-2.6349854063 -0.7747296925
-4.5553396996 -1.6137826695
1.1085335548 -2.9204301445
2.2539366369 -0.7464780037
-1.2383294115 1.5340564845
1.313452167 3.1850248252
0.7129162152 -3.3854409645
1.352265155 -3.5609335141
-2.6093837299 0.5933403104
-3.1305218959 2.934906013
-1.4679805537 -0.172341167
1.0915880618 -3.3057136021
2.5919352513 -3.2241385474
0.4723060371 -3.8217323365
4.7413686346 -0.8518354699
-0.7007580818 0.5882639764
-2.7519935551 -2.6866834234
2.8016450655 -1.601266615
0.051228265 -2.4697886696
-1.7021502849 -3.4279596787
1.4475948743 1.6956093367
3.243751842 -3.0409723252
1.0357162682 -0.1148321242
-1.2805326576 -0.2749528267
-2.7217152714 -2.4301746832
-1.3386530171 -2.1327076852
-4.6994492501 1.1067328614
-2.0847405976 2.9647976448
0.8108035344 -1.849622924
2.67921213 -1.7630882996
-0.8591859665 -3.8007510337
-3.5450508899 0.5799213429
-0.6550402148 3.2911871973
0.4503774161 0.2218865567
1.5262955347 2.9808366641
2.5920522156 2.1594901617
-0.2608259976 0.6366398805
-1.2641722541 3.7559874857
4.6243706095 0.2108072703
-3.1131296034 2.57631176
0.4555546979 0.6316534106
2.8823656725 -3.2633229533
-1.1786425285 -0.0065428936
-0.901367944 -3.3090665536
1.764670703 -0.5323141134
2.0961458841 -2.3517402493
0.7616925848 3.1473462624
-0.7315518009 3.8284520112
0.8050840363 2.177201989
2.9459660235 -0.6394278771
-0.830286553 -0.3575479528
-3.2731752911 -2.3497889
-0.6782835258 -1.5349906149
4.3141006425 1.929561446
-2.4939093555 1.8929590128
1.7478093168 -3.193950062
3.1789041322 2.6653391935
1.8113137455 2.7720730313
-0.8622400573 -2.4372956955
-3.7033277022 -2.4713986839
0.4168093194 1.3836313212
4.038934208 2.1410269752
3.7175260297 2.6537382402
4.8907813898 -0.2009555458
4.1122251667 1.3680852372
1.7037823205 -2.4863475753
-2.8735913459 1.0879093342
-2.6793620518 2.1298584103
3.2319707408 -0.7270499093
2.0219817186 -3.4388884365
-0.9741516209 -0.1465754189
0.6032109915 -2.3174920309
-1.4522035043 3.4137568642
3.8397908362 -0.4693735591
-4.2623919789 -2.0888248785
3.3735180529 -0.1978578287
1.9604404172 2.5067905691
4.262156578 -1.899644636
0.5988608806 1.8827729473
-0.3517294732 1.3420781984
0.9962859092 3.7948472296
3.8469536676 -2.2484943017
-3.0090629886 1.5478871327
4.07366381 0.8456805507
-3.0140226179 2.2244163346
-3.9404111434 0.1621367802
0.7098907202 0.6113572952
-0.0083011263 2.8773051184
4.490769718 -0.3085809905
-1.7781804414 -1.4964018858
-1.0058413471 3.6293152508
-0.3131436319 2.3016766646
-1.5564537487 -1.4996829602
-3.0517892588 1.3026134672
3.4780894776 -1.269148377
1.0377850352 -3.6513019838
-2.7078308402 1.7927833613
-3.784209405 1.9159984397
2.4420494776 0.7793719766
1.2890068228 0.1333913204
0.2221013535 2.3739572523
-2.9952798012 -2.4882568259
0.2898429049 0.8339455753
0.2335945625 1.6876161738
-1.4544609426 1.4215569372
-0.8429626402 -0.5713945395
3.7121525033 -1.0079051636
2.1907709064 2.1336875733
-0.7261004475 2.9105595172
-0.6984439191 2.3756205618
0.9760796519 -0.4971310761
3.084487226 1.3642288946
-4.9297839715 0.0503730379
0.1738895773 -0.3022113587
-0.2689241894 -1.114060543
3.2944568383 -1.8127440762
2.5598923817 1.2285361051
-4.0538258506 -1.4880243739
3.9796645922 -1.1956683486
2.528453515 2.9040431978
-3.1058650918 1.7485479622
4.0242042053 -1.6777646038
0.7412193202 2.7987372899
1.8340935564 3.4851073262
1.5446001725 -2.2354070159
1.7005486278 -1.0234929659
1.0858180524 3.2007073234
-1.6843491599 -1.2985325177
4.0261966327 -1.9619548621
-1.098692379 -2.722425157
2.3758373123 2.2486463228
-0.2793713149 1.565121022
3.325604744 1.0835837435
0.9061643074 0.8134747185
-1.6600590996 1.221098756
-3.5820825729 1.8142991622
-4.3631191679 -1.8873182263
-2.8676169956 2.0109812236
3.5138671582 1.5624984858
-1.8599795503 -1.9127436647
-4.4766839102 -0.0896618904
-1.7445120785 0.7444925483
0.145035221 0.2923193513
-1.436340175 2.5569358594
1.6182793367 3.4780668047
1.1778590496 -1.6345027831
-2.1528593277 -3.0015975463
-1.9322675635 0.5762617226
1.2371089386 -1.0113830122
4.6251901888 0.6826080482
-3.751065337 0.5105649182
0.5021097045 -1.3908970011
-4.139626305 2.1262944386
-3.3266315342 1.7141666157
-1.7809778867 -0.5435268017
-2.0647923573 -2.5395992063
2.9524685643 1.8999707298
4.5334242862 0.4532125072
4.386744856 0.2953741324
3.9564582923 1.083955263
-0.5347604012 0.3954514863
-3.6704883394 1.0488743141
-4.36496821 -1.1848633783
2.8685679288 -1.9557587607
-3.0925789455 0.2956292947
-2.5483269179 2.8237741613
1.9939542818 -0.7006558598
-1.2913788966 -1.8759864122
-3.9610438496 -2.2981185042
-3.0544222808 -0.9550512356
-3.9166884064 2.1252263444
-0.4172279993 -2.8434526086
2.383879181 2.0043297073
0.5876921301 -0.2682684368
-3.7245188371 2.3559648096
1.8727210401 -1.4429048549
1.5482498232 0.7614287393
4.236257533 -0.7742545811
0.5029668434 -3.278238422
-0.2596906423 -2.6747663122
-2.166107057 0.9629914537
3.629846698 2.1502569863
-3.9348990817 -0.7264617209
-1.8329301 0.3552351109
-1.7208195567 0.944574978
1.4041074303 1.9161734715
-1.2547819735 0.89897063
-2.423512925 -0.3136036827
-2.0745657889 2.4412183011
-3.145201963 0.6587965779
3.0389995646 -1.2471726957
0.1320626874 -3.6425097809
2.6704972407 3.3478905201
-1.5267957133 -3.1135935106
-2.4742112621 2.3790995784
0.4170542908 -1.5964843506
-2.4154666511 -2.1243391576
-3.1039024388 -1.2789202275
2.0791898891 1.1884654237
-1.884834534 2.9576231447
0.2685496381 -1.3628105125
