0.2928810236 1.2911361982
0.6165802564 0.269299098
-0.458071204 0.8753646784
-0.3744767324 2.3506380047
2.781976563 -0.699350887
1.7503502285 0.1733695185
0.4082673666 2.5535798298
1.6689405057 2.2200728895
-0.2311238265 1.6831750577
-2.2903534448 0.839526128
0.1310899305 -0.5120283601
-1.4126663274 1.6454021366
-0.2630980067 0.4106036932
-2.8872611974 0.7058129825
0.6725743363 0.7016039812
2.6624884711 1.0909217946
-0.8429525966 -0.3778082772
1.1857871756 -2.6386471702
1.0006002927 1.0238272177
-1.7377046336 -2.2264422141
-1.1074298945 -0.8177353743
0.4211806225 -0.3683909192
0.9186499528 -1.4802503848
-0.2021353629 -1.533446448
0.9379775368 -2.1709022919
-1.8205058299 -0.787648976
2.8587567901 -0.1880927901
2.8605665291 0.6290731185
-1.3031582245 -2.2788206327
-1.0921009236 -0.5144220329
-2.6151150219 1.1548327162
0.3996087252 -1.4076630544
0.1394883208 -2.4363569354
-1.0885862853 1.0044622798
-2.2092128256 1.2979632247
-1.2635634423 -1.900851828
0.5190776089 -2.8793547229
-1.5074811389 0.4569440065
-0.3172477283 2.0784520348
1.1968756519 -1.2153782949
1.8827869182 -0.6209655549
2.2866191827 0.4876372358
2.2904121711 1.1551895405
1.3515256789 0.0079462916
0.708092574 -0.4273877943
-2.1871556147 -1.2103060443
0.4197894642 0.5452365675
0.4459514931 0.9192049191
2.3792795751 -0.7946287797
1.8371639343 1.2233315012
-2.0250423919 0.6933573857
1.8439137524 0.4146044317
-0.5569002166 -2.5849980273
1.1845726389 -0.2787439039
1.3323335968 2.1982939556
1.3799433745 -1.9702219364
1.7621862201 -1.6564518716
-0.9278899158 2.5684877608
2.6052839875 0.6837957358
-0.6106736267 -1.7409375061
