0 2 8
0 2 47
0 6 8
0 6 54
0 18 47
0 18 54
1 12 21
1 12 46
1 14 43
1 14 46
1 21 44
1 43 53
1 44 53
2 8 33
2 12 33
2 12 47
3 6 38
3 6 57
3 38 57
4 17 56
4 26 48
4 48 56
5 26 40
5 26 41
5 40 43
5 41 51
5 43 51
6 7 54
6 8 38
7 15 42
7 42 49
7 49 54
8 11 33
8 11 38
9 13 30
9 13 50
9 30 34
9 34 50
10 12 16
10 12 21
10 16 23
10 21 44
10 23 31
10 31 44
11 33 50
11 34 50
11 34 57
11 38 57
12 16 37
12 33 37
12 46 47
13 25 45
13 25 50
14 18 43
14 18 47
14 46 47
15 27 58
15 42 58
16 20 23
16 20 29
16 29 37
17 24 36
17 24 55
17 55 56
18 43 51
18 49 51
18 49 54
19 28 35
19 28 52
19 35 45
20 23 59
20 25 29
20 25 35
20 35 59
22 24 31
22 24 55
22 31 39
22 39 55
23 31 32
23 32 59
24 31 32
24 32 36
25 29 37
25 35 45
25 37 50
26 27 41
26 40 48
27 41 58
28 35 59
28 52 59
30 34 57
31 39 44
32 36 52
32 52 59
33 37 50
39 40 53
39 40 56
39 44 53
39 55 56
40 43 53
40 48 56
41 42 49
41 42 58
41 49 51
