0 97 423
0 97 721
0 220 563
0 220 721
0 423 699
0 563 699
1 21 732
1 21 775
1 273 534
1 273 775
1 534 597
1 597 732
2 381 545
2 381 577
2 404 545
2 404 577
3 204 212
3 204 303
3 208 212
3 208 343
3 303 574
3 343 574
4 164 444
4 164 532
4 199 535
4 199 631
4 444 535
4 532 631
5 125 580
5 125 799
5 258 456
5 258 580
5 428 456
5 428 799
6 184 218
6 184 320
6 206 459
6 206 608
6 264 593
6 320 459
6 593 608
7 73 321
7 73 351
7 321 635
7 351 614
7 614 759
7 635 759
8 98 353
8 98 582
8 353 480
8 446 582
8 446 619
8 480 619
9 47 372
9 47 753
9 372 572
9 553 572
9 553 573
9 573 753
10 61 675
10 61 706
10 115 503
10 115 706
10 247 514
10 247 675
10 503 514
11 44 194
11 44 688
11 76 338
11 76 688
11 194 268
11 268 338
12 193 473
12 193 709
12 261 580
12 261 709
12 262 473
12 262 580
13 19 27
13 19 58
13 27 505
13 58 654
13 505 654
14 179 523
14 179 770
14 189 399
14 189 770
14 319 399
14 319 523
15 95 166
15 95 543
15 101 581
15 101 716
15 166 716
15 543 581
16 44 194
16 44 440
16 194 325
16 325 383
16 383 573
16 440 573
17 36 453
17 36 601
17 64 307
17 64 601
17 82 307
17 82 415
17 415 453
18 42 384
18 42 427
18 384 653
18 427 471
18 471 653
19 22 474
19 22 644
19 27 644
19 58 103
19 103 474
20 367 665
20 367 788
20 386 665
20 386 788
21 29 98
21 29 732
21 98 775
22 38 71
22 38 154
22 71 644
22 154 474
23 298 330
23 298 717
23 330 693
23 693 705
23 705 717
24 159 245
24 159 748
24 245 285
24 252 495
24 252 500
24 285 495
24 500 748
25 40 142
25 40 294
25 142 314
25 294 411
25 314 411
26 73 351
26 73 545
26 240 381
26 240 554
26 351 554
26 381 545
27 505 664
27 512 644
27 512 664
28 31 643
28 31 724
28 75 724
28 75 747
28 193 457
28 193 747
28 457 643
29 53 393
29 53 732
29 98 353
29 353 393
30 110 480
30 110 647
30 480 524
30 524 677
30 647 677
31 487 724
31 487 765
31 643 765
32 340 391
32 340 661
32 391 780
32 660 661
32 660 780
33 88 341
33 88 358
33 333 564
33 333 596
33 341 564
33 358 596
34 198 202
34 198 204
34 202 758
34 204 303
34 303 443
34 443 682
34 682 758
35 43 392
35 43 602
35 294 392
35 294 475
35 475 602
36 453 605
36 601 610
36 605 610
37 53 659
37 53 701
37 379 569
37 379 659
37 569 701
38 71 165
38 154 323
38 161 323
38 161 762
38 165 762
39 57 138
39 57 642
39 65 126
39 65 452
39 126 138
39 349 452
39 349 642
40 142 208
40 208 432
40 294 494
40 432 494
41 181 213
41 181 501
41 213 222
41 222 658
41 658 767
41 673 767
42 144 305
42 144 793
42 305 787
42 384 793
42 427 787
43 260 392
43 260 765
43 602 765
44 440 688
45 58 103
45 58 668
45 103 611
45 369 640
45 369 668
45 611 640
46 100 566
46 100 581
46 257 324
46 257 581
46 324 499
46 499 566
47 372 622
47 549 609
47 549 753
47 609 622
48 173 233
48 173 466
48 233 665
48 386 466
48 386 665
49 83 145
49 83 371
49 145 521
49 371 550
49 425 521
49 425 550
50 290 511
50 290 694
50 359 395
50 359 612
50 395 694
50 511 612
51 147 326
51 147 387
51 326 560
51 387 739
51 560 739
52 406 497
52 406 655
52 497 791
52 556 655
52 556 661
52 661 791
53 393 659
53 639 685
53 639 701
53 685 732
54 215 256
54 215 408
54 256 722
54 344 408
54 344 722
55 229 575
55 229 702
55 283 379
55 283 730
55 379 702
55 575 730
56 179 295
56 179 523
56 295 777
56 455 777
56 455 790
56 523 790
57 138 311
57 311 399
57 399 642
58 654 668
59 129 516
59 129 614
59 327 516
59 327 554
59 351 554
59 351 614
60 139 463
60 139 590
60 178 463
60 178 599
60 546 590
60 546 599
61 479 675
61 479 729
61 706 729
62 63 312
62 63 337
62 194 268
62 194 451
62 268 312
62 337 451
63 312 568
63 337 796
63 461 568
63 461 796
64 96 296
64 96 601
64 296 307
65 126 618
65 286 452
65 286 618
66 99 151
66 99 513
66 151 670
66 172 584
66 172 670
66 513 617
66 584 617
67 129 287
67 129 555
67 137 555
67 137 669
67 287 641
67 641 669
68 423 647
68 423 699
68 598 677
68 598 699
68 647 677
69 258 580
69 258 712
69 261 580
69 261 772
69 552 712
69 552 772
70 74 467
70 74 687
70 357 509
70 357 613
70 467 613
70 509 662
70 662 687
71 118 271
71 118 493
71 165 271
71 493 644
72 388 710
72 388 737
72 441 518
72 441 755
72 518 710
72 530 737
72 530 755
73 321 504
73 504 678
73 545 678
74 232 491
74 232 687
74 467 776
74 491 776
75 201 724
75 201 774
75 270 302
75 270 747
75 302 774
76 160 293
76 160 738
76 293 691
76 338 738
76 688 691
77 286 346
77 286 618
77 292 346
77 292 745
77 401 618
77 401 745
78 88 341
78 88 625
78 264 364
78 341 364
78 389 625
79 157 185
79 157 594
79 162 185
79 162 469
79 469 594
80 242 390
80 242 436
80 275 323
80 275 390
80 323 436
81 176 683
81 176 752
81 683 736
81 719 736
81 719 752
82 172 415
82 172 670
82 307 670
83 145 475
83 254 371
83 254 602
83 475 602
84 95 301
84 95 543
84 136 301
84 136 568
84 461 543
84 461 568
85 111 742
85 111 798
85 186 484
85 186 671
85 336 671
85 336 798
85 484 742
86 109 274
86 109 513
86 274 657
86 365 531
86 365 657
86 513 544
86 531 544
87 101 257
87 101 761
87 257 781
87 377 405
87 377 781
87 405 761
88 190 358
88 190 625
89 357 509
89 357 613
89 363 402
89 402 467
89 467 613
90 188 421
90 188 713
90 332 482
90 332 651
90 421 540
90 482 713
90 540 651
91 139 192
91 139 354
91 175 354
91 175 763
91 192 214
91 214 763
92 220 483
92 220 563
92 322 483
92 322 686
92 563 686
93 113 236
93 113 299
93 236 755
93 299 434
93 434 634
93 441 634
93 441 755
94 183 249
94 183 291
94 247 291
94 247 375
94 249 375
95 166 506
95 301 586
95 506 586
96 296 723
96 439 505
96 439 601
96 505 664
96 664 723
97 110 548
97 110 647
97 249 375
97 249 721
97 375 548
97 423 647
98 582 775
99 151 561
99 513 571
99 528 561
99 528 571
100 543 581
100 543 796
100 566 768
100 768 796
101 257 581
101 716 761
102 341 364
102 341 564
102 364 751
102 564 696
102 696 769
102 751 769
103 345 474
103 345 611
104 162 450
104 162 522
104 450 526
104 522 526
105 166 442
105 166 506
105 442 673
105 506 767
105 673 767
106 157 594
106 157 698
106 457 594
106 457 709
106 621 698
106 621 709
107 181 315
107 181 501
107 227 292
107 227 315
107 292 501
108 482 528
108 482 799
108 528 561
108 561 794
108 794 799
109 153 274
109 153 332
109 332 571
109 513 571
110 480 784
110 548 784
111 305 787
111 305 798
111 373 742
111 373 787
112 163 557
112 231 557
112 231 743
112 256 722
112 722 743
113 236 391
113 299 655
113 340 391
113 340 655
114 249 538
114 249 721
114 538 725
114 645 721
114 645 725
115 119 445
115 119 771
115 445 503
115 706 771
116 321 347
116 321 504
116 347 701
116 379 504
116 379 569
116 569 701
117 120 306
117 120 572
117 140 255
117 140 540
117 255 572
117 306 421
117 421 540
118 197 493
118 197 595
118 271 595
119 278 445
119 278 518
119 441 518
119 441 771
120 306 478
120 372 542
120 372 572
120 478 704
120 542 704
121 221 737
121 221 780
121 276 308
121 276 660
121 308 578
121 578 737
121 660 780
122 142 277
122 142 314
122 174 277
122 174 464
122 314 464
123 405 414
123 405 761
123 414 600
123 600 761
124 228 624
124 228 657
124 274 481
124 274 657
124 481 766
124 624 766
125 262 580
125 262 750
125 750 799
126 138 792
126 401 618
126 401 792
127 200 596
127 200 749
127 358 525
127 358 596
127 448 508
127 448 749
127 508 525
128 143 672
128 143 674
128 432 494
128 432 674
128 492 667
128 492 672
128 494 648
128 648 667
129 287 516
129 555 759
129 614 759
130 191 218
130 191 426
130 218 520
130 336 671
130 336 798
130 426 798
130 520 671
131 350 616
131 350 714
131 521 529
131 521 616
131 529 559
131 559 714
132 195 562
132 195 792
132 401 745
132 401 792
132 562 745
133 209 229
133 209 690
133 229 598
133 243 690
133 243 699
133 598 699
134 135 267
134 135 607
134 192 214
134 192 267
134 214 607
135 267 409
135 409 466
135 466 607
136 301 650
136 502 568
136 502 700
136 650 700
137 429 507
137 429 649
137 507 555
137 649 669
138 195 311
138 195 792
139 192 463
139 354 496
139 496 590
140 255 691
140 293 691
140 293 766
140 300 540
140 300 766
141 310 335
141 310 533
141 335 733
141 533 703
141 703 733
142 208 212
142 212 277
143 232 343
143 232 672
143 343 674
144 305 420
144 394 764
144 394 793
144 420 764
145 241 648
145 241 789
145 475 648
145 521 789
146 287 516
146 287 641
146 413 549
146 413 782
146 431 516
146 431 782
146 549 609
146 609 641
147 224 356
147 224 684
147 326 356
147 387 684
148 438 600
148 438 716
148 442 716
148 442 735
148 600 735
149 268 312
149 268 795
149 312 568
149 502 568
149 502 795
150 232 687
150 232 757
150 589 637
150 589 687
150 637 757
151 248 376
151 248 561
151 376 670
152 178 383
152 178 786
152 237 396
152 237 786
152 383 573
152 396 573
153 274 481
153 300 481
153 300 540
153 332 651
153 540 651
154 323 345
154 345 474
155 231 551
155 231 725
155 483 551
155 483 645
155 645 725
156 280 368
156 280 559
156 368 714
156 559 714
157 185 273
157 273 698
158 285 495
158 285 663
158 308 652
158 308 663
158 495 652
159 245 682
159 587 682
159 587 748
160 289 624
160 289 738
160 293 766
160 624 766
161 323 436
161 361 436
161 361 762
162 185 522
162 260 411
162 260 469
162 411 450
163 269 355
163 355 417
163 417 551
163 551 679
163 557 679
164 235 532
164 235 646
164 269 328
164 269 646
164 328 444
165 271 628
165 628 762
166 442 716
167 223 635
167 223 741
167 465 507
167 465 741
167 507 555
167 555 759
167 635 759
168 367 565
168 367 692
168 382 565
168 382 752
168 681 692
168 681 752
169 281 418
169 281 560
169 342 414
169 342 418
169 405 414
169 405 560
170 217 754
170 217 795
170 289 378
170 289 738
170 338 738
170 338 795
170 378 754
171 177 243
171 177 547
171 243 563
171 535 547
171 535 686
171 563 686
172 415 584
173 233 397
173 348 397
173 348 779
173 466 779
174 277 352
174 352 400
174 400 697
174 464 697
175 354 454
175 454 519
175 519 763
176 226 403
176 226 734
176 380 403
176 380 683
176 734 752
177 243 690
177 253 547
177 253 690
178 383 599
178 463 786
179 295 536
179 536 770
180 398 430
180 398 511
180 430 523
180 511 790
180 523 790
181 213 700
181 315 615
181 615 700
182 339 362
182 339 476
182 362 525
182 387 508
182 387 739
182 476 739
182 508 525
183 249 538
183 291 656
183 538 633
183 633 656
184 191 218
184 191 426
184 320 426
185 273 522
186 205 462
186 205 689
186 462 484
186 636 671
186 636 689
187 225 500
187 225 637
187 252 500
187 318 509
187 318 637
188 284 316
188 284 456
188 316 421
188 456 713
189 311 365
189 311 399
189 365 531
189 531 770
190 265 525
190 265 625
190 358 525
192 267 463
193 457 709
193 473 747
194 325 451
195 311 728
195 422 562
195 422 728
196 327 516
196 327 785
196 431 516
196 431 740
196 740 783
196 783 785
197 302 588
197 302 595
197 493 512
197 512 588
198 202 731
198 204 212
198 212 277
198 277 541
198 541 731
199 462 631
199 462 707
199 535 547
199 547 707
200 565 576
200 565 760
200 576 630
200 596 760
200 630 749
201 254 371
201 254 487
201 371 550
201 487 724
201 550 774
202 279 578
202 279 758
202 388 578
202 388 731
203 534 597
203 534 621
203 579 621
203 579 632
203 597 685
203 632 685
205 211 631
205 211 689
205 462 631
206 250 459
206 250 608
207 210 402
207 210 720
207 363 402
207 363 676
207 676 720
208 343 674
208 432 674
209 229 575
209 575 585
209 585 690
210 246 402
210 246 717
210 298 717
210 298 720
211 532 631
211 532 646
211 646 689
213 222 650
213 650 700
214 386 607
214 386 788
214 763 788
215 219 408
215 219 791
215 256 791
216 230 313
216 230 433
216 313 577
216 404 577
216 404 585
216 433 708
216 585 708
217 288 435
217 288 623
217 435 754
217 502 623
217 502 795
218 486 636
218 520 636
219 408 527
219 497 718
219 497 791
219 527 718
220 483 645
220 645 721
221 236 530
221 236 780
221 530 737
222 586 650
222 586 658
223 234 347
223 234 741
223 347 635
224 356 499
224 454 496
224 454 684
224 496 499
225 500 748
225 637 756
225 748 756
226 403 773
226 696 734
226 696 769
226 769 773
227 292 745
227 315 435
227 435 745
228 422 624
228 422 728
228 657 728
229 598 702
230 266 433
230 266 484
230 313 742
230 484 742
231 251 604
231 251 743
231 551 557
231 604 725
232 343 574
232 491 672
232 574 757
233 397 412
233 412 692
233 665 692
234 347 701
234 632 639
234 632 741
234 639 701
235 532 646
236 391 780
236 530 755
237 396 549
237 477 549
237 477 591
237 591 786
238 322 328
238 322 483
238 328 558
238 355 417
238 355 558
238 417 483
239 313 373
239 313 577
239 373 407
239 407 533
239 533 603
239 577 603
240 329 703
240 329 785
240 381 603
240 554 785
240 603 703
241 492 667
241 492 705
241 529 693
241 529 789
241 648 667
241 693 705
242 368 436
242 368 680
242 390 680
243 563 699
244 419 617
244 419 778
244 513 544
244 513 617
244 544 778
245 285 458
245 458 682
246 402 467
246 467 776
246 470 717
246 470 776
247 291 675
247 375 548
247 514 548
248 376 627
248 561 794
248 592 627
248 592 794
250 394 638
250 394 764
250 459 764
250 608 638
251 344 633
251 344 722
251 604 633
251 722 743
253 433 707
253 433 708
253 547 707
253 690 708
254 487 602
255 553 572
255 553 726
255 691 726
257 324 781
258 456 490
258 490 712
259 448 684
259 448 749
259 454 519
259 454 684
259 498 519
259 498 630
259 630 749
260 392 411
260 469 643
260 643 765
261 272 709
261 272 772
262 374 473
262 374 750
263 439 537
263 439 610
263 537 583
263 583 606
263 606 610
264 364 751
264 593 773
264 751 769
264 769 773
265 362 389
265 362 525
265 389 625
266 433 707
266 484 707
267 409 746
267 460 477
267 460 746
267 463 591
267 477 591
268 338 795
269 328 558
269 355 558
269 486 646
270 302 488
270 374 744
270 374 747
270 488 744
271 425 550
271 425 628
271 550 595
272 579 621
272 579 772
272 621 709
273 416 522
273 416 775
273 534 698
275 323 345
275 345 620
275 390 620
276 308 652
276 652 660
277 352 541
278 445 570
278 518 715
278 570 715
279 578 663
279 663 758
280 298 330
280 298 720
280 330 559
280 368 680
280 680 727
280 720 727
281 418 711
281 476 711
281 476 739
281 560 739
282 363 676
282 390 680
282 676 727
282 680 727
283 379 504
283 504 678
283 678 730
284 316 429
284 429 507
284 456 490
284 490 712
284 507 712
285 458 663
288 315 435
288 315 615
288 615 623
289 366 378
289 366 624
290 398 511
290 515 606
290 606 694
291 656 675
292 346 501
294 392 411
294 475 494
295 415 584
295 415 777
295 419 536
295 419 584
296 304 307
296 304 410
296 410 723
297 335 733
297 335 779
297 409 746
297 409 779
297 733 783
297 740 746
297 740 783
299 406 434
299 406 655
300 481 766
301 586 650
302 488 588
302 595 774
303 443 472
303 472 574
304 307 376
304 360 385
304 360 410
304 376 385
305 420 626
305 626 798
306 421 478
307 376 670
308 578 663
309 393 524
309 393 659
309 524 677
309 659 702
309 677 702
310 335 348
310 348 471
310 407 427
310 407 533
310 427 471
311 365 728
313 373 742
314 411 450
314 450 464
316 421 478
316 429 704
316 478 704
317 397 412
317 397 471
317 412 695
317 471 653
317 653 695
318 509 662
318 589 637
318 589 662
319 399 642
319 430 449
319 430 523
319 449 642
320 420 426
320 420 459
321 347 635
322 328 444
322 444 535
322 535 686
324 356 499
324 356 781
325 383 599
325 451 599
326 356 781
326 377 560
326 377 781
327 554 785
329 703 733
329 733 783
329 783 785
330 529 559
330 529 693
331 406 434
331 406 718
331 434 479
331 447 479
331 447 527
331 527 718
332 482 528
332 528 571
333 382 564
333 382 565
333 565 760
333 596 760
334 424 510
334 424 797
334 437 446
334 437 797
334 446 582
334 510 567
334 567 582
335 348 779
337 451 546
337 546 768
337 768 796
339 362 517
339 476 711
339 517 711
340 556 655
340 556 661
342 414 418
344 408 447
344 447 656
344 633 656
345 611 640
345 620 640
348 397 471
349 449 629
349 449 642
349 452 629
350 361 714
350 361 762
350 616 628
350 628 762
352 400 715
352 518 710
352 518 715
352 541 710
353 393 524
353 480 524
354 454 496
359 395 605
359 455 777
359 455 790
359 605 777
359 612 790
360 385 627
360 410 588
360 488 588
360 488 744
360 627 744
361 368 436
361 368 714
362 389 517
365 657 728
366 378 562
366 422 562
366 422 624
367 565 576
367 576 788
367 665 692
369 515 583
369 515 640
369 583 668
370 403 593
370 403 638
370 593 608
370 608 638
372 542 622
373 407 427
373 427 787
374 473 747
374 485 592
374 485 744
374 592 750
376 385 627
377 405 560
378 562 754
379 659 702
380 403 638
380 638 683
381 577 603
382 564 734
382 734 752
384 653 666
384 666 793
386 466 607
387 508 684
388 578 737
388 710 731
394 468 638
394 468 793
395 605 610
395 610 694
396 549 753
396 573 753
398 430 539
398 452 629
398 539 629
400 570 697
400 570 715
403 593 773
404 545 575
404 575 585
406 497 718
408 447 527
409 466 779
410 588 723
412 681 692
412 681 695
413 460 477
413 460 782
413 477 549
415 453 777
416 510 522
416 510 567
416 567 775
417 483 551
418 517 711
419 536 778
419 584 617
420 426 626
420 459 764
424 510 526
424 526 697
424 570 697
424 570 797
425 521 616
425 616 628
426 626 798
428 456 713
428 482 713
428 482 799
429 649 704
430 449 629
430 539 629
431 740 746
431 746 782
434 479 729
434 634 729
435 745 754
437 445 503
437 445 570
437 446 503
437 570 797
438 600 761
438 716 761
439 505 537
439 601 610
440 553 573
440 553 726
440 688 726
441 634 771
442 673 735
443 472 587
443 587 682
446 503 619
447 479 675
447 656 675
448 508 684
450 464 526
451 546 599
453 605 777
457 594 643
458 663 758
458 682 758
460 746 782
461 543 796
462 484 707
463 591 786
464 526 697
465 489 712
465 489 741
465 507 712
468 638 683
468 666 736
468 666 793
468 683 736
469 594 643
470 491 672
470 491 776
470 492 672
470 492 705
470 705 717
472 574 757
472 587 757
475 494 648
480 619 784
485 592 627
485 627 744
486 636 689
486 646 689
487 602 765
489 552 579
489 552 712
489 579 632
489 632 741
493 512 644
496 499 566
496 566 590
498 519 763
498 576 630
498 576 788
498 763 788
502 623 700
503 514 619
505 537 654
506 586 658
506 658 767
510 522 526
511 612 790
512 588 723
512 664 723
514 548 784
514 619 784
515 583 606
520 636 671
521 529 789
531 544 778
531 770 778
533 603 703
534 621 698
536 770 778
537 583 654
538 604 633
538 604 725
541 710 731
542 622 669
542 649 669
542 649 704
545 575 730
545 678 730
546 590 768
550 595 774
551 557 679
552 579 772
562 745 754
564 696 734
566 590 768
567 582 775
583 654 668
585 690 708
587 748 756
587 756 757
589 662 687
592 750 794
597 685 732
598 677 702
600 673 735
606 610 694
609 622 641
615 623 700
622 641 669
632 639 685
634 729 771
637 756 757
652 660 661
653 666 695
666 695 736
676 720 727
681 695 719
681 719 752
688 691 726
695 719 736
706 729 771
750 794 799
